FSHEs ID	Barhl1	Foxb1	HES5	Irx5	NGN2	Nfib1	Nkx2.1	Pbx1	Pea3	FOXP2	Pitx2	OTX1/2	Smad3	Tbr1	Zic1	GATA3	Irx3	Tbr2	Foxh1	Hen1	Sox1	Nkx2.2	
FSHE_hs22	0	0	1	0	1	0	0	0	0	0	0	1	0	0	0	0	0	0	0	0	0	0	
FSHE_hs37	0	0	0	0	1	0	0	1	0	0	0	1	0	0	0	0	0	0	0	0	0	0	
FSHE_hs71	0	0	1	0	0	0	0	0	0	0	0	0	0	0	0	1	0	0	0	0	0	0	
FSHE_hs110	0	0	1	0	0	0	0	0	1	1	0	1	0	0	0	1	1	0	0	0	0	0	
FSHE_hs111	0	0	1	1	1	0	0	0	0	1	0	0	0	0	0	0	0	0	1	0	0	0	
FSHE_hs112	0	0	1	0	0	0	0	0	0	0	0	1	0	0	0	1	1	0	0	0	0	0	
FSHE_hs119	0	0	1	0	1	0	0	0	0	1	0	0	0	0	0	1	0	0	0	0	0	0	
FSHE_hs122	0	1	1	0	0	0	0	0	0	1	0	0	0	0	0	1	0	0	0	0	0	0	
FSHE_hs123	0	0	1	0	1	0	0	0	0	1	0	0	0	0	0	1	0	0	0	0	0	1	
FSHE_hs170	0	1	1	0	0	0	0	0	0	0	0	0	0	0	0	1	0	0	0	0	0	0	
FSHE_hs187	0	0	1	0	0	0	0	0	0	1	0	1	0	0	0	1	0	0	0	0	0	0	
FSHE_hs192	0	0	1	0	1	0	1	0	0	0	0	0	0	0	0	1	0	0	0	0	0	0	
FSHE_hs204	0	0	1	0	1	0	0	0	0	0	0	0	0	0	0	0	0	0	0	0	0	0	
FSHE_hs218	0	0	1	1	0	0	0	0	0	0	1	0	0	0	0	1	0	0	0	0	0	0	
FSHE_hs240	0	0	1	0	1	0	0	0	0	1	0	1	0	0	0	1	0	0	0	0	0	0	
FSHE_hs262	0	0	0	0	0	0	0	0	0	1	0	0	0	0	0	0	0	0	0	0	0	0	
FSHE_hs266	0	0	0	0	1	0	0	1	0	0	0	1	0	0	0	0	0	0	0	0	0	0	
FSHE_hs322	0	0	0	0	1	0	0	0	0	1	0	0	0	0	0	0	0	0	0	0	0	0	
FSHE_hs342	0	0	1	0	1	0	0	0	0	0	0	1	0	0	0	0	0	0	0	0	0	0	
FSHE_hs399	0	0	0	0	1	0	0	0	0	0	0	0	0	0	0	0	1	0	0	0	0	0	
FSHE_hs408	0	0	0	0	0	0	0	0	0	1	0	0	0	0	0	0	0	0	0	0	0	0	
FSHE_hs411	0	0	0	0	0	0	0	0	0	1	1	1	0	0	0	0	0	0	0	0	0	0	
FSHE_hs526	0	0	1	0	0	1	0	0	0	0	0	0	0	0	0	0	0	0	0	0	0	0	
FSHE_hs540	0	0	0	0	1	0	1	0	0	0	0	0	0	0	0	0	0	0	0	0	0	0	
FSHE_hs541	0	0	1	0	1	0	0	0	0	0	0	0	0	0	0	1	0	0	0	0	0	0	
FSHE_hs566	0	0	1	0	1	0	0	0	0	0	0	0	0	0	0	0	0	0	1	0	0	0	
FSHE_hs590	0	0	0	0	1	0	1	0	0	1	0	0	0	0	0	0	0	0	0	0	0	0	
FSHE_hs599	0	0	0	0	1	0	0	0	0	0	0	1	0	0	0	0	0	0	0	0	0	0	
FSHE_hs612	0	0	1	0	1	0	0	0	0	0	0	1	0	0	0	0	0	0	1	0	0	0	
FSHE_hs622	0	1	0	0	1	0	0	0	0	1	0	0	0	0	0	1	0	0	0	0	0	0	
FSHE_hs623	0	0	1	0	0	0	0	0	0	0	0	0	0	0	0	1	0	0	0	0	0	0	
FSHE_hs653	0	0	1	0	0	0	0	0	0	0	0	0	0	0	0	1	0	0	0	0	0	0	
FSHE_hs656	0	0	0	0	0	0	0	0	0	0	0	1	0	0	0	0	0	0	0	0	0	0	
FSHE_hs671	0	0	1	0	1	0	0	0	0	1	0	1	1	0	0	0	0	0	0	0	0	0	
FSHE_hs692	0	0	1	0	0	0	0	0	0	0	0	0	0	0	0	0	0	0	0	0	0	0	
FSHE_hs702	0	0	0	0	0	0	0	0	0	0	0	0	0	0	0	1	0	0	0	0	0	0	
FSHE_hs748	0	0	1	0	0	0	0	0	0	0	0	0	0	0	0	1	0	0	0	0	0	0	
FSHE_hs775	0	0	1	0	0	0	0	0	0	0	0	1	0	0	0	0	0	0	0	0	0	0	
FSHE_hs781	0	0	1	0	0	1	0	0	0	0	1	1	0	0	0	0	0	0	0	0	0	0	
FSHE_hs796	0	1	0	0	0	0	0	0	0	1	0	1	0	0	0	1	0	0	0	0	0	0	
FSHE_hs799	0	0	0	0	0	0	0	0	0	0	0	1	0	0	0	1	0	0	0	0	0	0	
FSHE_hs807	0	0	0	0	1	0	0	0	1	1	0	0	0	0	0	0	0	0	0	0	0	0	
FSHE_hs818	0	1	1	0	0	0	0	0	0	1	0	0	0	0	0	1	1	0	0	0	0	0	
FSHE_hs840	0	0	0	0	0	0	0	0	0	0	0	1	0	0	0	0	0	0	0	0	0	0	
FSHE_hs847	0	0	0	0	1	0	0	0	0	1	0	0	0	0	0	0	0	0	0	0	0	0	
FSHE_hs853	0	0	0	0	1	0	0	0	1	0	0	0	0	0	0	1	0	0	1	0	0	0	
FSHE_hs855	0	0	1	0	0	0	0	0	0	1	0	0	0	0	0	1	0	0	0	0	0	0	
FSHE_hs860	0	1	0	0	0	0	0	0	1	1	0	0	0	0	0	1	0	0	0	0	0	0	
FSHE_hs883	0	0	1	0	0	0	0	0	0	0	0	0	0	1	0	1	0	1	0	0	0	0	
FSHE_hs886	0	0	0	0	1	0	0	0	0	1	0	1	0	0	0	1	1	0	0	0	0	0	
FSHE_hs914	0	0	1	0	0	1	0	0	0	1	0	1	0	0	0	1	0	0	0	0	0	0	
FSHE_hs947	0	0	0	0	0	0	0	0	0	1	0	0	0	0	0	1	0	0	0	0	0	0	
FSHE_hs957	0	1	1	0	0	0	0	0	0	1	0	1	0	0	0	1	0	0	0	0	0	0	
FSHE_hs967	0	1	0	0	0	0	0	0	0	1	0	0	0	0	0	1	0	0	0	0	0	0	
FSHE_hs969	0	1	1	0	1	0	1	0	0	1	0	0	0	0	0	0	0	0	0	0	0	0	
FSHE_hs978	0	1	1	0	1	0	0	0	1	0	0	1	0	0	0	1	1	0	0	0	0	0	
FSHE_hs987	0	0	0	0	0	0	0	0	0	0	0	0	1	0	0	0	0	0	0	0	0	0	
FSHE_hs1011	0	1	0	0	1	0	1	0	0	1	0	0	0	0	0	0	0	0	0	0	0	0	
FSHE_hs1013	0	0	1	0	0	0	0	0	0	1	0	1	0	0	0	1	0	0	1	0	0	0	
FSHE_hs1017	0	1	1	0	1	0	0	0	0	0	0	1	0	0	0	1	0	0	0	0	0	0	
FSHE_hs1019	0	0	0	0	0	0	0	0	0	1	0	0	1	0	0	0	0	0	0	0	0	0	
FSHE_hs1024	0	1	0	0	1	0	1	0	0	1	0	0	1	0	0	1	0	0	1	0	0	0	
FSHE_hs1025	0	0	0	0	1	0	0	0	0	0	0	0	0	0	0	0	0	0	0	0	0	0	
FSHE_hs1092	0	0	1	0	1	0	1	0	0	0	0	1	0	0	0	1	0	0	0	0	0	0	
FSHE_hs1128	0	0	1	0	1	0	0	0	0	0	0	1	0	0	0	0	0	0	0	0	0	0	
FSHE_hs1161	0	0	1	0	0	0	0	0	0	1	0	0	0	0	0	0	0	0	0	0	0	0	
FSHE_hs1166	0	0	1	0	0	0	0	0	0	1	0	1	0	0	0	0	0	0	0	0	0	0	
FSHE_hs1210	0	0	1	0	0	0	0	0	0	1	0	1	1	0	0	1	0	0	0	0	0	0	
FSHE_hs1224	0	0	0	0	1	0	0	0	1	1	0	1	0	1	0	1	0	1	0	0	0	0	
FSHE_hs1301	1	1	1	0	1	0	0	0	1	1	1	1	0	0	0	1	0	0	0	0	0	0	
FSHE_hs1303	0	0	1	0	0	0	0	0	0	1	0	1	0	0	0	1	0	0	0	0	0	0	
FSHE_hs1316	0	0	1	1	1	0	0	0	0	1	0	0	0	0	0	1	0	0	0	0	0	0	
FSHE_hs1320	0	0	1	0	1	0	0	0	1	1	0	0	0	0	0	0	0	0	0	0	0	0	
FSHE_hs1324	0	0	1	0	1	1	0	0	1	0	0	1	0	0	0	1	0	0	0	0	0	0	
FSHE_hs1326	0	1	1	0	1	0	0	0	0	0	0	1	1	0	0	0	0	0	0	0	0	0	
FSHE_hs1334	0	0	1	0	1	0	0	0	0	1	0	0	0	0	0	0	1	0	0	0	0	0	
FSHE_hs1341	0	1	1	0	0	0	0	0	1	1	1	1	0	0	0	1	0	0	0	0	0	0	
FSHE_hs1344	0	1	1	0	1	0	1	0	0	0	0	0	0	0	0	1	0	0	0	0	0	0	
FSHE_hs1358	0	1	1	0	1	0	0	0	0	0	0	0	0	1	0	1	0	1	0	0	0	0	
FSHE_hs1382	0	0	1	0	1	0	0	0	0	1	0	1	0	0	0	0	0	0	0	0	0	0	
FSHE_hs1383	0	0	1	0	1	0	0	0	0	1	1	1	0	0	0	1	0	0	0	0	0	0	
FSHE_hs1393	0	0	1	0	1	0	0	0	0	1	1	1	0	0	0	0	0	0	0	0	0	0	
FSHE_hs1417	0	0	1	0	0	0	0	0	0	0	0	0	0	0	1	1	0	0	0	0	0	0	
FSHE_hs1526	0	1	1	0	1	0	0	1	1	1	0	1	0	0	0	1	0	0	0	0	0	0	
FSHE_hs1529	1	0	1	0	1	0	0	0	0	1	0	1	0	0	0	1	0	0	0	0	1	0	
FSHE_hs1537	0	0	1	0	0	0	0	0	0	1	0	0	0	0	0	1	0	0	0	0	0	0	
FSHE_hs1538	0	0	1	0	0	0	0	0	0	1	0	1	1	0	0	0	0	0	0	0	0	0	
FSHE_hs1546	0	0	1	0	0	0	0	0	0	1	0	0	0	0	0	1	0	0	0	0	0	0	
FSHE_hs1566	0	1	1	0	1	0	0	0	0	1	0	0	0	0	0	1	0	0	0	0	0	0	
FSHE_hs1579	0	0	1	0	0	0	0	0	1	1	1	1	0	0	0	1	0	0	0	0	0	0	
FSHE_hs1588	0	1	1	0	0	0	0	0	0	0	0	1	1	0	0	1	0	0	0	0	0	0	
FSHE_hs1597	0	0	1	0	0	1	0	0	0	0	0	1	0	0	0	0	0	0	0	0	0	0	
FSHE_hs1628	0	0	1	0	0	0	0	0	1	1	0	0	0	0	0	1	0	0	0	0	0	0	
FSHE_hs1633	0	0	1	1	1	0	0	0	1	1	0	0	1	0	0	1	0	0	0	0	0	0	
FSHE_hs1636	0	0	1	0	1	0	0	0	0	1	0	1	0	0	0	1	0	0	0	0	0	0	
FSHE_hs1717	0	0	1	0	0	1	0	0	0	1	0	1	0	0	0	1	0	0	0	0	0	0	
FSHE_hs1746	0	0	1	0	0	0	0	0	1	0	0	0	0	0	0	1	0	0	0	0	0	0	
FSHE_hs2289	0	0	0	0	0	0	0	0	0	0	1	1	0	0	0	1	0	0	0	0	0	0	
FSHE_hs2325	0	0	1	0	0	0	0	0	0	1	0	0	0	0	0	0	0	0	0	0	0	0	
FSHE_hs2755	0	0	1	0	0	0	0	0	0	1	0	0	0	0	0	1	0	0	0	0	0	0	
																							




